m=0.03;
J=1500;
g=9.8;
l=0.2;
d=5;
